	Energy_(eV)	Formation Energy per Atom (eV)	Density_(g_cm-3)	KV_(GPa)	GV_(GPa)	KR_(GPa)	GR_(GPa)
sg	0.0008223670143543460000	0.0237638499435507000000	0.0519161788075088000000	0.0263188200925681000000	0.0080524734161636700000	0.0095558664131939500000	0.0081724729617045400000
Li	0.7311643571833600000000	0.0442287160624366000000	0.0163170060814149000000	0.0000002433034771717810	0.0000031693246686319000	0.0000003115324911819170	0.0000006043001678829230
Na	0.1229814202704230000000	0.0221383414409226000000	0.0000001400895312938480	0.0000000707038489511701	0.0000091595655065472000	0.0001087753443829350000	0.0000000535942086583462
K	0.0000015012090794755400	0.0000001836884432955640	0.0000001434480956593690	0.0000001630842354931890	0.0000008279401150161460	0.0001809095981610980000	0.0000002102996791212230
Rb	0.3878868069026910000000	0.0230732035045442000000	0.0043315100091145000000	0.0000002774100246169860	0.0000001392844132116350	0.0000000467163030386165	0.0000001612505562329150
Cs	0.6670095288345120000000	0.0000003510269256225220	0.0000000230593924991738	0.0000001096501027228620	0.0000006472425275881590	0.0000001405870049514370	0.0000002555224544690920
Be	0.0000035873518624848400	0.0024342699885699000000	0.0066352991549934500000	0.0005137050946816090000	0.0176997204874384000000	0.0077443770590600700000	0.0069171673767574800000
Mg	0.6407853111939880000000	0.1385345174229760000000	0.0019865042685727900000	0.0040046845139625700000	0.0036367385216991400000	0.0089030598474598800000	0.0347143184325335000000
Ca	0.4055255091723790000000	0.0130958104638605000000	0.0932488231257570000000	0.0176311547723849000000	0.0016794429397381700000	0.0078297789150782600000	0.0190167351601518000000
Sr	0.0521017312999434000000	0.0663165976504591000000	0.0044683634771471400000	0.0091265047450889100000	0.0061475201702497700000	0.0039954652039909200000	0.0073141118084287100000
Ba	0.0541233134703655000000	0.0144720481409923000000	0.0030508088906399500000	0.0022822187498398800000	0.0059733568289582400000	0.0022844692571345300000	0.0033213408666600000000
Sc	0.4064622699508760000000	0.0664752929088952000000	0.0910822574439505000000	0.0333452147149114000000	0.0499762233303946000000	0.0264287573176685000000	0.0234448371525531000000
Y	0.0069810209229620600000	0.0697335515585751000000	0.2251433569950540000000	0.0000002341272382421530	0.0000034988690486140700	0.0090966368028852700000	0.0018994873888558100000
Ti	0.0257701907477446000000	0.0186820728463340000000	0.0713870196148281000000	0.0144087074547080000000	0.0204445946480977000000	0.0136582000568370000000	0.0116347538798292000000
Zr	0.1314432995980860000000	0.2135284125882000000000	0.0120868396892312000000	0.0449830427841194000000	0.0385017565420767000000	0.0111171755961702000000	0.0236122882511306000000
Hf	0.0005648067567754100000	0.0969109929168396000000	0.0028241896117550300000	0.0648821496370132000000	0.0584720101491565000000	0.1797426982354790000000	0.0364471534843843000000
V	0.4412492423954910000000	0.0092994023810529300000	0.9999999802788580000000	0.0587531607677588000000	0.0864002866714067000000	0.0141681520792078000000	0.0868416307726699000000
Nb	0.1349451001787360000000	0.5880846790454860000000	0.4638213017162230000000	0.0054307896746321200000	0.0381427225077397000000	0.0045136102231639500000	0.0238116691243546000000
Ta	0.0041449397706380400000	0.0014032655298052200000	0.0014065289622170300000	0.0701599259473082000000	0.1789584309085840000000	0.0540040249501201000000	0.1362590895800080000000
Cr	0.9999999486899660000000	0.2966891911351780000000	0.3157042003736450000000	0.3067498928038160000000	0.0767918647826975000000	0.0880815089063910000000	0.0436626839374443000000
Mo	0.4811234468046110000000	0.0248355229110134000000	0.4311209929801980000000	0.1350557304818580000000	0.0543202142355746000000	0.1203333219179750000000	0.0676454311051481000000
W	0.0879747471894122000000	0.0630287887399201000000	0.0035447222182915200000	0.0528680760169399000000	0.0103772476905172000000	0.0678626238781002000000	0.0479532433721248000000
Mn	0.9999998408892800000000	0.0010785840145331000000	0.1080174177706700000000	0.1453229512288890000000	0.0969442383097026000000	0.0839159923470104000000	0.0708699456119810000000
Tc	0.9999997601065440000000	0.2415082546655990000000	0.0324703820331105000000	0.0011488113114856700000	0.0484049657926992000000	0.0031746595631798100000	0.0069804744261495900000
Re	0.0000212931715906599000	0.0092568780163449400000	0.0058947785012266500000	0.0009326337450302040000	0.0097632080303120200000	0.0025336206974147400000	0.0056966316908272300000
Fe	0.6957716460743790000000	0.0002499226357371640000	0.0767753002774364000000	0.0138274510254076000000	0.0172904293482695000000	0.0021145409338675500000	0.0432366538742276000000
Ru	0.0004044665422482900000	0.0609033636013374000000	0.0394629125299472000000	0.0142450058844235000000	0.0482042475983616000000	0.0258222402195110000000	0.0287255574874394000000
Os	0.0004303538863691510000	0.1153175095359150000000	0.0000124193394204254000	0.0007906629532049710000	0.0016800081012543200000	0.0008237271650895000000	0.0019765233507145600000
Co	0.9999996607954830000000	0.0006120993006785600000	0.1036414504540200000000	0.0613159451226601000000	0.0643447346419395000000	0.0381907214762960000000	0.0480584839915719000000
Rh	0.0003886655452888100000	0.0223463758529590000000	0.0454990363932380000000	0.0107970514733381000000	0.0350519409361607000000	0.0061281378368373500000	0.0631881367174095000000
Ir	0.0000322061417662699000	0.0192798981320260000000	0.0114874493042559000000	0.0066433080097115000000	0.0467671742989977000000	0.0014041935041813200000	0.0522715833247788000000
Ni	0.3982270468539430000000	0.0000142464401879010000	0.0203926799739715000000	0.1255978356884870000000	0.3881834605350180000000	0.0338662661021691000000	0.2818044773751720000000
Pd	0.0000415405694840401000	0.0021399120208699400000	0.0113784174474413000000	0.0639568950610709000000	0.0310109786819547000000	0.0199132537513320000000	0.0000679498294877170000
Pt	0.0000042645945806442300	0.0000260657409646166000	0.0016271577144502200000	0.0033105936376848700000	0.0121274504137538000000	0.0016952291203627100000	0.0001304556705402610000
Cu	0.0007638158705110550000	0.0000002085681385969540	0.3818224266496040000000	0.2392746632052200000000	0.0231141078953890000000	0.1997130428874260000000	0.0007277638701737040000
Ag	0.1022099219349630000000	0.1047664880109240000000	0.0087380780315751200000	0.0170594987119886000000	0.0028148370690793100000	0.0055007854685793600000	0.0018157837459337700000
Au	0.0001708232191269720000	0.0000054723594991992800	0.0013791868878318000000	0.1905342732773060000000	0.0190870964836128000000	0.1652126609168440000000	0.0000011081276969967100
Zn	0.0000500117527202981000	0.1043324844430910000000	0.0668973788420287000000	0.0010199909040802300000	0.0043971840238441800000	0.0016393709367283300000	0.0000114044363620154000
Cd	0.0000015543970885452800	0.2020864990423690000000	0.1470996564744170000000	0.0627416930565743000000	0.0020679462273448200000	0.0429671463522146000000	0.0000077654220710088600
Hg	0.0000000892964684833810	0.0000294334415214881000	0.0006592755896111230000	0.0000258116648843815000	0.0000001046451747839810	0.0000000370705224332112	0.0000005539619837761320
Al	0.0017150773694788600000	0.0626912849732737000000	0.0056220248529943200000	0.0011489726720541000000	0.0648432761445256000000	0.0202599305307587000000	0.0377797446684825000000
Ga	0.0000000404619780896244	0.0000005126619597895390	0.0000001312854373983350	0.2262190634013050000000	0.1744877702827520000000	0.1534741955122530000000	0.3510786076693700000000
In	0.0155939439161716000000	0.0127215433122701000000	0.0069430427807072400000	0.0000002579520714250420	0.0000003757060548015890	0.0000006261150197662710	0.0000003352959247704430
Tl	0.0000000572611957927265	0.0000004300608426422110	0.0000004333870604333880	0.0000001277331032331150	0.0000006856812733502860	0.0000002991450067945840	0.0000003796215881027390
Sn	0.0000104434227798874000	0.0561274719983422000000	0.1687595167806290000000	0.0000731568860900929000	0.0000939717666591804000	0.0000009183156624208560	0.0000222307266906308000
Pb	0.0000004277260811352740	0.0005546604268958380000	0.0000003916104766925570	0.0000005644644427418780	0.0000010213153918067600	0.0000004056533030182440	0.0000003025820556904100
Bi	0.0000002397186122389240	0.0000181939380741123000	0.0000003803150943330410	0.0000011848041954310300	0.0022668970006484200000	0.0000100375675262334000	0.0000492104062675191000
B	0.0000004185695388543060	0.0037979976450891000000	0.0003332202507655360000	0.0000007435472798918260	0.0000119870019731388000	0.0000207530595584111000	0.0000494258792552660000
Si	0.0012776818255932100000	0.0346040649453578000000	0.1579475008131090000000	0.2307665701913650000000	0.0510581423238322000000	0.1028692484578710000000	0.0233266140131291000000
Ge	0.0002692604455292940000	0.0391176265175351000000	0.0167101966974737000000	0.2808562827069160000000	0.9999993843678530000000	0.0591110012698904000000	0.9999986844215350000000
As	0.0000002124341655707520	0.0275341208259540000000	0.0010195398073638400000	0.0004109436752368570000	0.0010131467312131000000	0.0004237089427814710000	0.0007515025389826230000
Sb	0.0016537780403789200000	0.1720990911008860000000	0.2874934178071800000000	0.0026591950199587000000	0.0134924767995276000000	0.0035862499229026400000	0.0150468330129938000000
Te	0.8252582245201740000000	0.1163826512907320000000	0.0070711648311445900000	0.0006506767547267420000	0.5538879907610410000000	0.0019510083304644400000	0.0063649888333923200000
H	0.0000003342544409621290	0.9999989698197080000000	0.1590434269268470000000	0.0000004197694903045430	0.0000000565313020197956	0.0000001471946060213110	0.0105478674325367000000
C	0.0000003480498065460160	0.0019591069203624600000	0.1204923693133260000000	0.0050505744572663500000	0.0041556790380646200000	0.0019292340302300800000	0.0006200375691359260000
N	0.9999994980005590000000	0.0000000081997461640507	0.0540881745658889000000	0.0012107563217691600000	0.0065643158835775400000	0.0011874835069701700000	0.0000000236636011637897
P	0.0150338561504201000000	0.0104931256356746000000	0.0454003663479001000000	0.0006760746402893820000	0.1696184855224330000000	0.1277474815682270000000	0.9999992126737870000000
O	0.0053443679794752200000	0.0000146656816962146000	0.0013086757340405400000	0.0041143461981588200000	0.0577060526097678000000	0.0111241462919682000000	0.0100943323822968000000
S	0.9999989223392220000000	0.0000001532326980698890	0.0001489486829638440000	0.1189174085811170000000	0.9999997566727870000000	0.0000447795371163246000	0.9999984589362830000000
Se	0.9999991083670420000000	0.0000109433792169309000	0.0000015633783308882300	0.0266805882217572000000	0.0064711585807185900000	0.9999994556540100000000	0.0074204510748333100000
F	0.0005604658686657170000	0.0000194555968196136000	0.4475484422788320000000	0.0000132961903277477000	0.6301783007391810000000	0.0000000295929385764113	0.2921814471589980000000
Cl	0.0004620460467822060000	0.1041814992660540000000	0.0341839150074245000000	0.9999992234270050000000	0.9999995558643760000000	0.9999993734619100000000	0.9999993345802920000000
Br	0.0002918099574933280000	0.4514084504967850000000	0.3624659070991520000000	0.6566065559729800000000	0.6383209388864250000000	0.4516595382686790000000	0.1464745742873560000000
I	0.0002313784335833500000	0.0547017919214689000000	0.4962467899466330000000	0.1738547494729600000000	0.2308865710234060000000	0.0689715606616252000000	0.1960848843053170000000